{
  "advancedEditorSelectedIdentifier" : "ProjectBrowser",
  "openSceneRelativePaths" : [
    "Scene.usda"
  ],
  "recentIdentifiers" : {
    "D66134B1-3681-4A8E-AFE5-29F257229F3B" : [

    ]
  },
  "sceneCameraHistory" : {
    "AF09ED6F-1707-48FD-8720-65B998362C09" : [
      {
        "date" : 728715272.697597,
        "title" : "Untitled",
        "transform" : [
          1,
          0,
          -0,
          0,
          -0,
          0.8752845,
          -0.48360842,
          0,
          0,
          0.48360842,
          0.8752845,
          0,
          0,
          68.72312,
          116.9146,
          1
        ]
      }
    ],
    "D66134B1-3681-4A8E-AFE5-29F257229F3B" : [
      {
        "date" : 728777933.181223,
        "title" : "Untitled",
        "transform" : [
          0.9999911,
          1.0335706e-09,
          0.0042067207,
          0,
          0.0026252873,
          0.7813685,
          -0.6240644,
          0,
          -0.0032869813,
          0.62406987,
          0.7813615,
          0,
          -0.0165216,
          0.48720658,
          0.84942,
          1
        ]
      },
      {
        "date" : 728777865.084725,
        "title" : "Untitled",
        "transform" : [
          0.9999911,
          1.0335706e-09,
          0.0042067207,
          0,
          0.0026252873,
          0.7813685,
          -0.6240644,
          0,
          -0.0032869813,
          0.62406987,
          0.7813615,
          0,
          -0.0087315105,
          0.570539,
          0.7828956,
          1
        ]
      },
      {
        "date" : 728777796.136262,
        "title" : "Untitled",
        "transform" : [
          0.9844057,
          1.0694687e-09,
          0.17591278,
          0,
          0.082545094,
          0.88307136,
          -0.4619213,
          0,
          -0.15534352,
          0.46923873,
          0.8693005,
          0,
          -0.1557533,
          0.42016143,
          0.861023,
          1
        ]
      },
      {
        "date" : 728777511.04234,
        "title" : "Untitled",
        "transform" : [
          0.999951,
          1.2680379e-09,
          0.009898997,
          0,
          0.0042674127,
          0.90230685,
          -0.4310733,
          0,
          -0.008931939,
          0.43109444,
          0.90226257,
          0,
          -0.0141522065,
          0.38328815,
          0.89215946,
          1
        ]
      },
      {
        "date" : 728777507.108613,
        "title" : "Untitled",
        "transform" : [
          0.999951,
          1.2680379e-09,
          0.009898997,
          0,
          0.0042674127,
          0.90230685,
          -0.4310733,
          0,
          -0.008931939,
          0.43109444,
          0.90226257,
          0,
          -0.008860111,
          0.12786864,
          0.3575771,
          1
        ]
      },
      {
        "date" : 728715272.724135,
        "title" : "Untitled",
        "transform" : [
          0.99999994,
          0,
          -0,
          0,
          -0,
          0.8660254,
          -0.49999988,
          0,
          0,
          0.49999988,
          0.8660254,
          0,
          0,
          0.19699045,
          0.34139746,
          1
        ]
      }
    ]
  },
  "selectedSceneRelativePath" : "Scene.usda"
}